[1, 2](2, 0)
[2, 1](4, 2)
[2, 2](8, 4)
[1, 3](2, 0)
[3, 1](6, 0)
[2, 3](8, 0)
[3, 2](16, 0)
[3, 3](22, 0)
[1, 4](2, 0)
[4, 1](8, 0)
[2, 4](8, 0)
[4, 2](16, 0)
[3, 4](28, 0)
[4, 3](72, 0)
[4, 4](96, 48)
[1, 5](2, 0)
[5, 1](10, 0)
[2, 5](8, 0)
[5, 2](16, 0)
[3, 5](34, 0)
[5, 3](318, 0)
[4, 5](96, 0)
[5, 4](624, 0)
[5, 5](2342, 0)
[1, 6](2, 0)
[6, 1](12, 0)
[2, 6](8, 0)
[6, 2](16, 0)
[3, 6](40, 0)
[6, 3](196, 0)
[4, 6](96, 0)
[6, 4](696, 0)
[5, 6](4184, 0)
[6, 5](16804, 0)
[6, 6](4592, 0)
[1, 7](2, 0)
[7, 1](14, 0)
[2, 7](8, 0)
[7, 2](16, 0)
[3, 7](46, 0)
[7, 3](208, 0)
[4, 7](96, 0)
[7, 4](1724, 0)
[5, 7](17432, 0)
[7, 5](68860, 0)
[6, 7](714592, 0)
[7, 6](98912, 0)
[7, 7](9166514, 0)
[1, 8](2, 0)
[8, 1](16, 0)
[2, 8](8, 0)
[8, 2](16, 0)
[3, 8](52, 0)
[8, 3](3008, 0)
[4, 8](96, 0)
[8, 4](2336, 0)
[5, 8](15800, 0)
[8, 5](606688, 0)
[6, 8](147424, 0)
[8, 6](507056, 0)
[7, 8](10003800, 0)
[8, 7](34882576, 0)
[8, 8](11502464, 5751232)
[1, 9](2, 0)
[9, 1](18, 0)
[2, 9](8, 0)
[9, 2](16, 0)
[3, 9](58, 0)
[9, 3](6064, 0)
[4, 9](96, 0)
[9, 4](13360, 0)
[5, 9](174320, 0)
[9, 5](2997634, 0)
[6, 9](8066144, 0)
[9, 6](1824688, 0)
[7, 9](278711246, 0)
[9, 7](299407462, 0)
